.Random.seed <-
c(403L, 10L, 45658100L, 1374476506L, -283895259L, 861796159L, 
489829574L, -1264031408L, 396319091L, -1714887791L, -249203264L, 
-970281058L, 1798574441L, -1508351589L, -1472736086L, -470527284L, 
1951275919L, -440082491L, -1382644868L, 1083734994L, 396442445L, 
-453604857L, 1620597230L, 1016870088L, -1368056885L, 383569449L, 
-1783561096L, 1014022566L, 2079400897L, 325800019L, 570808066L, 
-199450060L, 181376951L, 483444653L, -1244269372L, 513308906L, 
-2079056043L, 480735471L, -805193994L, 1256563232L, -646928413L, 
-891270015L, -965440784L, 1123893646L, -126243079L, 1597136011L, 
2020066490L, 1942511548L, 1471618303L, -2026999723L, 1741300588L, 
-905634878L, 476924957L, 1842228375L, 114002430L, 942623160L, 
675104155L, -1636242439L, -434605240L, 16146038L, 1403508657L, 
1374038499L, 2119794354L, 1023128324L, -441929657L, 1843025693L, 
-1580946028L, -283750086L, -1621709435L, 112174687L, 1297780966L, 
74568560L, -52628333L, 868774193L, -2129274912L, 186866814L, 
-1300312311L, 507941179L, -1377176310L, -242750228L, 513890671L, 
-567353691L, 477311068L, 1570154546L, -1410900179L, -155177497L, 
1457746190L, 943167208L, -412829461L, 410171785L, -1889187560L, 
885775430L, -1966054239L, 185600819L, 2084631202L, -1438561900L, 
560814103L, 2069774349L, 928417060L, 296796426L, -975931275L, 
1323750351L, 562128086L, -1007029120L, 1838090947L, 99243105L, 
-2053630768L, 1353926190L, -613566503L, -943335445L, 159485530L, 
-73037796L, -875850465L, 1049826677L, 155132940L, -578853406L, 
-1249913155L, 1742008631L, 1853642206L, -1066104040L, 2109440635L, 
614838297L, 205351080L, 851135062L, -1440270639L, 1395373699L, 
1642884370L, 479328420L, -36292505L, 584677821L, 445420340L, 
639924378L, 19685093L, 2030647423L, -1031310842L, 1635507600L, 
1242660915L, 882372561L, 956589440L, -1591121826L, 572540841L, 
476806747L, -238820758L, -1190867188L, -1345754801L, -452898299L, 
896008380L, -1321719406L, 6439565L, -1189416761L, -1507555922L, 
171282440L, -172391413L, 1980973289L, -1846526024L, -1348822938L, 
-1769551615L, -931233901L, 899354690L, 202495988L, 619610615L, 
383682029L, 317572740L, -309020502L, 1735788053L, -1683170641L, 
-234319690L, -1720054048L, -2110647773L, 696433985L, 1333526576L, 
-2096555442L, 588078777L, 893332171L, 759425914L, 477371004L, 
-1853247809L, 2006652821L, -2125410388L, -1379857022L, -1185016995L, 
-257442217L, -358818498L, 1654893944L, -78135717L, -1006118471L, 
-86348792L, -1290799434L, -2002254351L, 1337793571L, 54686834L, 
-20961596L, -510132089L, -1932229539L, -1110300076L, 293961850L, 
1515258821L, 1186575647L, -1568598874L, -722295248L, -17629997L, 
-1486474511L, -1680031200L, -1486609218L, 590926025L, 1839616635L, 
-495585206L, 865077420L, -438210641L, 590855013L, -1364864740L, 
216553842L, -1408316947L, -1450009049L, 2057948750L, 679604904L, 
172085419L, -861013559L, 806737368L, 1306666118L, -1211217567L, 
917097715L, -976948382L, 288947668L, -876496681L, 702630605L, 
-1042113948L, -732147638L, 122590645L, -394453616L, 921103740L, 
1267779860L, 2100319554L, -2051869952L, -339393604L, -300764336L, 
-1297232606L, 2050341192L, -26661876L, -848534436L, -172129070L, 
2096706560L, -1985104044L, -847562264L, -1581349894L, 1551114960L, 
928918828L, -577436428L, -1361378414L, -1181199264L, 1232210188L, 
1909703392L, 1239158114L, 1818986152L, 1520213580L, -1360518276L, 
1407905586L, -2030941584L, -62242492L, -380110888L, 227562618L, 
13765168L, 66926268L, 1617737556L, 541247042L, 770578336L, 278078652L, 
2082709968L, -28855966L, 1865543656L, 1963693004L, 182757116L, 
621855730L, -1910199168L, 1634568436L, -54812536L, -1985658566L, 
-1767199920L, -717651860L, -159679340L, 294225234L, -1929000224L, 
794610892L, -1685506912L, -1902332542L, 1094067432L, 1721631980L, 
-1570031556L, 1821125746L, -1293018000L, 1184887332L, 1712768568L, 
1590288922L, 1691110608L, -1390940612L, 927029396L, 1959478402L, 
-1988508736L, 1052993852L, 724913808L, 290919458L, 1858437128L, 
1569006732L, 991124508L, 970973330L, 1185930368L, -779596780L, 
-553543896L, -1780662214L, -1967613744L, 1113362540L, 12977844L, 
-2089890798L, -1886215200L, 357970892L, 265558496L, 592455714L, 
1003662632L, 448622860L, 986141244L, 1161980146L, -1350308624L, 
-1044103356L, -270705576L, 804924986L, -517850896L, 297486012L, 
973677076L, 772928706L, -1585759648L, -806080132L, -728306480L, 
603795490L, 1233458344L, 1011691916L, 689832380L, -799830990L, 
-1318867136L, -1616459084L, 291884360L, 812431034L, -236897520L, 
-1293661972L, 1106095188L, 213631762L, -1463226976L, -1093658676L, 
-969970848L, 623045826L, -1597857240L, 1886920108L, 183542588L, 
49114994L, -673571024L, 347569188L, 617353784L, 2045232858L, 
-1009081456L, 1049284860L, -1829443180L, 966900546L, 1129837056L, 
1896379452L, -420369840L, 558634146L, -2006128824L, -2004638196L, 
-474245412L, 399384658L, 2146472064L, -1662487724L, 1455068136L, 
-1426451718L, -484552880L, -1411166164L, -104345228L, -510760302L, 
1778831968L, 35519628L, 1859431776L, 1540194530L, 64215208L, 
-748633396L, 707872252L, -1540548686L, -811159568L, 2124594628L, 
-1650046632L, 82849146L, -1654202960L, -830236228L, -1724437932L, 
-1809306174L, 242715424L, -425038916L, 1331197008L, 1195087842L, 
-1436492952L, -1839306932L, -1418732804L, 2121093874L, -854232832L, 
2135692404L, 304134664L, 1521050042L, 801143248L, -1367993364L, 
1154111380L, -829643566L, 1626706016L, 1585101132L, 911269664L, 
-336371070L, 1818505704L, -1077394452L, 1155235388L, 121180786L, 
-1904191632L, -44564188L, 2049900088L, -434852454L, 1125979600L, 
1576366524L, -1490609516L, 388052610L, 585431488L, -1661116612L, 
1518749328L, -1273183454L, 190459400L, -640375028L, -678748260L, 
160430098L, 101745536L, 2093039380L, 662448424L, 1237776442L, 
1364240336L, 783434348L, 1168131124L, -894686062L, -1185139360L, 
1831035212L, -1948360224L, -1858553950L, -1158979672L, 2050313356L, 
555101116L, 541917298L, 1557599216L, 1484275780L, 1656820824L, 
1440614458L, 1626079344L, -1011594692L, -689108204L, -1198376355L, 
-1279584886L, 110013864L, -720841967L, -916479485L, 182973700L, 
-1938599630L, 1223049095L, 1401114065L, 31932246L, -1631036108L, 
1717662789L, 259693711L, 1210661384L, -1987357146L, 1655885523L, 
145702965L, -724676718L, -1662652576L, 2032442057L, -1961611781L, 
-968885812L, 1745268826L, -374411953L, 577381401L, -1395168722L, 
-1494153156L, -461652563L, -989479337L, 475631520L, -1207997186L, 
-325857333L, 1564928461L, -113316614L, 143335224L, -1808716575L, 
607281043L, -1797721164L, 1060387010L, 1660058839L, 448248097L, 
-1446539034L, 1165604324L, -1312755435L, -1726936769L, -847620904L, 
-1289896714L, 1129891587L, -257458107L, 48341090L, -213162032L, 
-1129480967L, -1650198997L, -190086756L, -1777206L, 44057279L, 
1800451081L, -2050439906L, -655996724L, -143967075L, -1747443417L, 
-713766064L, 701019630L, -216272229L, 693761277L, 1198824426L, 
1544985736L, -1013284303L, -697690973L, -604153692L, 1447618898L, 
-1900440409L, 166088945L, -20027338L, 1672779988L, -389419931L, 
184346223L, 1528015016L, -1549355514L, 593958707L, -1520921707L, 
-652957710L, 1527391296L, 1498684841L, -1338231781L, -119737876L, 
278432250L, -1176359377L, 357382713L, -2076371890L, 734977180L, 
-1278243315L, -960105865L, 603374208L, -1620510498L, -374926421L, 
-572547923L, -731799270L, 542348760L, -1696608703L, -433797901L, 
1352913684L, -1864965470L, -1936925769L, 1839101825L, -1805255290L, 
321802180L, 309973749L, -1639200929L, 2121107896L, 1299886230L, 
-1256319325L, -528402331L, 644369794L, 131903216L, -1598684519L, 
-977705333L, 1425016700L, -1372403286L, -1850913L, -2080762007L, 
-1548820610L, 990455660L, -281879619L, -1465284473L, -935066512L, 
949370638L, -1789361093L, -838726883L, -669433398L, -483890456L, 
-2095604271L, 1624985539L, -1290200892L, -956602510L, -92906937L, 
-543823343L, 889004950L, -1776736524L, -391673723L, 2112994767L, 
1382910152L, 1115791718L, 1416893331L, -863544075L, 97713362L, 
-2104661216L, 942121737L, 129877051L, -295974516L, 475635738L, 
